15
85 42 97 23 76 54 88 31 69 45 92 18 63 37 81
29 73 48 91 65 12 84 57 33 79 24 96 41 68 55
77 35 89 52 16 93 46 71 28 64 83 11 59 97 43
64 38 82 27 74 58 99 34 67 22 87 15 49 76 31
53 86 41 75 29 62 18 95 44 79 13 88 57 32 69
47 92 36 81 54 17 83 26 61 48 94 39 72 55 21
33 68 95 45 71 88 23 59 97 34 66 77 12 84 49
58 24 79 63 37 92 14 86 41 75 28 53 96 19 62
72 31 87 56 44 98 27 81 63 38 74 22 89 47 55
16 79 54 93 35 68 42 77 29 84 57 91 11 73 46
88 41 76 32 67 55 19 94 52 37 81 26 68 93 14
59 82 47 71 25 90 38 63 56 82 44 79 23 97 48
34 77 61 45 89 33 72 56 98 41 65 87 29 54 82
43 89 26 78 63 97 55 31 86 49 72 35 92 68 14
77 54 91 39 67 46 83 28 95 42 71 56 89 33 98